226800.0 -0.082659206266 -0.996577872331
228600.0 -0.059217543215 -0.998245101453
230400.0 -0.036697026090 -0.999326437295
232200.0 -0.015315736003 -0.999882707237
234000.0 0.004871799348 -0.999988132715
235800.0 0.023785054728 -0.999717095568
237600.0 0.041405319081 -0.999142432065
239400.0 0.057705357443 -0.998333657513
241200.0 0.072314768554 -0.997381859795
243000.0 0.085621428308 -0.996327742771
244800.0 0.097201364132 -0.995264736043
246600.0 0.107423851450 -0.994213315209
248400.0 0.115868391909 -0.993264574903
250200.0 0.122617928309 -0.992453950396
252000.0 0.127704226146 -0.991812296064
253800.0 0.130923946301 -0.991392414882
255600.0 0.132577580319 -0.991172631380
257400.0 0.132007137486 -0.991248765776
259200.0 0.129445161084 -0.991586582338
261000.0 0.124611129469 -0.992205657317
262800.0 0.116780033032 -0.993157804120
264600.0 0.105513834493 -0.994417835083
266400.0 0.089426316637 -0.995993440688
268200.0 0.066385516247 -0.997794048505
270000.0 0.032101470050 -0.999484614999
273600.0 -0.119880438029 -0.992788336242
273630.0 -0.122164530949 -0.992509862610
273660.0 -0.124425890246 -0.992228903951
273690.0 -0.126765569816 -0.991932704526
273720.0 -0.129103918126 -0.991631069665
273750.0 -0.131539707326 -0.991310902491
273780.0 -0.133957829468 -0.990987033177
273810.0 -0.136351426053 -0.990660531470
273840.0 -0.138983120691 -0.990294750144
273870.0 -0.141419571968 -0.989949748555
273900.0 -0.144003976029 -0.989577109117
273930.0 -0.146543121943 -0.989204282952
273960.0 -0.149110164212 -0.988820589859
273990.0 -0.151753563791 -0.988418360755
274020.0 -0.154529668957 -0.987988148417
274050.0 -0.157228262379 -0.987562288420
274080.0 -0.159961235412 -0.987123296841
274110.0 -0.162781982939 -0.986662062730
274140.0 -0.165592693571 -0.986194230279
274170.0 -0.168466734502 -0.985707339613
274200.0 -0.171449370709 -0.985192932011
274230.0 -0.174373663717 -0.984679554679
274260.0 -0.177469181246 -0.984126358608
274290.0 -0.180357847537 -0.983601060813
274320.0 -0.183531071676 -0.983013909225
274350.0 -0.186691522105 -0.982418584705
274380.0 -0.189824705893 -0.981817997916
274410.0 -0.193105246685 -0.981178048930
274440.0 -0.196310095340 -0.980541863700
274470.0 -0.199655636585 -0.979866126968
274500.0 -0.202894551861 -0.979200592741
274530.0 -0.206362877110 -0.978475530073
274560.0 -0.210005194645 -0.977700270135
274590.0 -0.213387923953 -0.976967550081
274620.0 -0.217050055376 -0.976160475261
274650.0 -0.220625146099 -0.975358675006
274680.0 -0.224289743106 -0.974522504172
274710.0 -0.228002979021 -0.973660434421
274740.0 -0.231849392671 -0.972751694482
274770.0 -0.235619123781 -0.971845475633
274800.0 -0.239632728773 -0.970863613131
274830.0 -0.243572422597 -0.969882711955
274860.0 -0.247596597489 -0.968863212694
274890.0 -0.251727350897 -0.967798192192
274920.0 -0.255858401500 -0.966714269255
274950.0 -0.260119027261 -0.965576559190
274980.0 -0.264472753486 -0.964393157723
275010.0 -0.268891156139 -0.963170569603
275040.0 -0.273161151965 -0.961968286929
275070.0 -0.277788599068 -0.960642230088
275100.0 -0.282341324661 -0.959314013443
275130.0 -0.286980206568 -0.957936512008
275160.0 -0.291737356067 -0.956498465799
275190.0 -0.296598325616 -0.955002321066
275220.0 -0.301470961226 -0.953475358642
275250.0 -0.306428664133 -0.951893625253
275280.0 -0.311410568288 -0.950275464252
275310.0 -0.316657947187 -0.948539795941
275340.0 -0.321807484315 -0.946805124109
275370.0 -0.327141639458 -0.944975315938
275400.0 -0.332567551788 -0.943079436473
275430.0 -0.338096656739 -0.941111391230
275460.0 -0.343645130098 -0.939099581812
275490.0 -0.349313800689 -0.937005799687
275520.0 -0.355149758028 -0.934809418744
275550.0 -0.360945138544 -0.932587050608
275580.0 -0.366960680393 -0.930236453299
275610.0 -0.372998445685 -0.927831967285
275640.0 -0.379152316919 -0.925334275046
275670.0 -0.385485378387 -0.922713944324
275700.0 -0.391841314055 -0.920032817132
275730.0 -0.398304184022 -0.917253387560
275760.0 -0.405001860914 -0.914315860442
275790.0 -0.411586533059 -0.911370685179
275820.0 -0.418350099665 -0.908285854844
275850.0 -0.425353627841 -0.905027232343
275880.0 -0.432464246673 -0.901651082930
275910.0 -0.439603838727 -0.898191775166
275940.0 -0.446958252768 -0.894554816812
275970.0 -0.454243139048 -0.890877752909
276000.0 -0.461816073744 -0.886975712199
276030.0 -0.469477621551 -0.882944371330
276060.0 -0.477327003685 -0.878725743081
276090.0 -0.485178978416 -0.874414866584
276120.0 -0.493244209826 -0.869890883659
276150.0 -0.501387747009 -0.865222703787
276180.0 -0.509678828367 -0.860364743533
276210.0 -0.518104567354 -0.855317284572
276240.0 -0.526633129364 -0.850092669687
276270.0 -0.535264397508 -0.844684571163
276300.0 -0.544111081237 -0.839013188975
276330.0 -0.552928941150 -0.833228411685
276360.0 -0.561994042552 -0.827141279429
276390.0 -0.571120310080 -0.820866366356
276420.0 -0.580417590369 -0.814318992036
276450.0 -0.589808193891 -0.807543369992
276480.0 -0.599401128567 -0.800448803530
276510.0 -0.609012614455 -0.793160535727
276540.0 -0.618730590331 -0.785603243749
276570.0 -0.628556076942 -0.777764269004
276600.0 -0.638466752601 -0.769649404484
276630.0 -0.648565215357 -0.761159090748
276660.0 -0.658645505792 -0.752453385732
276690.0 -0.668896508823 -0.743355541100
276720.0 -0.679172161032 -0.733979002206
276750.0 -0.689580341618 -0.724209191086
276780.0 -0.700040615148 -0.714103029781
276810.0 -0.710554615264 -0.703642052984
276840.0 -0.721028318925 -0.692905594802
276870.0 -0.731568560275 -0.681767879573
276900.0 -0.742188345052 -0.670191361082
276930.0 -0.752788196866 -0.658262812757
276960.0 -0.763368490355 -0.645963271350
276990.0 -0.773962257974 -0.633231729489
277020.0 -0.784480352743 -0.620153671407
277050.0 -0.794959459959 -0.606662556140
277080.0 -0.805376864456 -0.592763111368
277110.0 -0.815722458962 -0.578443488981
277140.0 -0.825947255716 -0.563747399794
277170.0 -0.836086895810 -0.548597031212
277200.0 -0.846032500643 -0.533131323273
277230.0 -0.855905615202 -0.517132070042
277260.0 -0.865528509907 -0.500859659523
277290.0 -0.875053101206 -0.484026931141
277320.0 -0.884272873560 -0.466970539848
277350.0 -0.893303880617 -0.449453197647
277380.0 -0.902043816241 -0.431644475907
277410.0 -0.910527616787 -0.413448254402
277440.0 -0.918770107052 -0.394792971553
277470.0 -0.926627924955 -0.375979638669
277500.0 -0.934172686768 -0.356821231568
277530.0 -0.941336398335 -0.337469680370
277560.0 -0.948150349973 -0.317822141844
277590.0 -0.954627292113 -0.297803178548
277620.0 -0.960666734419 -0.277703844735
277650.0 -0.966318837630 -0.257347826960
277680.0 -0.971567400930 -0.236763142086
277710.0 -0.976352972587 -0.216182499108
277740.0 -0.980730268974 -0.195366679652
277770.0 -0.984634315054 -0.174628936944
277800.0 -0.988124951007 -0.153652468895
277830.0 -0.991142645148 -0.132801569904
277860.0 -0.993733999885 -0.111770915142
277890.0 -0.995858599541 -0.090915618681
277920.0 -0.997544560923 -0.070034626960
277950.0 -0.998790334715 -0.049171813881
277980.0 -0.999592028238 -0.028561811630
278010.0 -0.999967100552 -0.008111585160
278040.0 -0.999924458517 0.012291348980
278070.0 -0.999470643845 0.032533553335
278100.0 -0.998620993730 0.052498675045
278130.0 -0.997388490929 0.072223252228
278160.0 -0.995776615457 0.091809215822
278190.0 -0.993822445620 0.110981739859
278220.0 -0.991507119591 0.130052419434
278250.0 -0.988891558379 0.148638776121
278280.0 -0.985926562876 0.167178983772
278310.0 -0.982699668373 0.185206268198
278340.0 -0.979167771263 0.203052888970
278370.0 -0.975398768718 0.220447821451
278400.0 -0.971378903778 0.237535313786
278430.0 -0.967141844332 0.254237394853
278460.0 -0.962688600278 0.270611638504
278490.0 -0.958023905772 0.286688325485
278520.0 -0.953177520498 0.302411333150
278550.0 -0.948193798163 0.317692494601
278580.0 -0.943042116672 0.332673362600
278610.0 -0.937743260994 0.347329204734
278640.0 -0.932341004267 0.361580214838
278670.0 -0.926819186955 0.375507915618
278700.0 -0.921177270656 0.389143207607
278730.0 -0.915510480758 0.402294120790
278760.0 -0.909709197626 0.415245922021
278790.0 -0.903874484077 0.427797752490
278820.0 -0.898003424613 0.439988465058
278850.0 -0.892063267432 0.451910529750
278880.0 -0.886104187136 0.463486105013
278910.0 -0.880133299195 0.474726632545
278940.0 -0.874139958839 0.485674100978
278970.0 -0.868096951894 0.496394683807
279000.0 -0.862093782817 0.506748763815
279030.0 -0.856067806126 0.516863532584
279060.0 -0.850077657852 0.526657360739
279090.0 -0.844096714295 0.536190951916
279120.0 -0.838102962536 0.545512075199
279150.0 -0.832185829743 0.554496839282
279180.0 -0.826283439792 0.563254540262
279210.0 -0.820391471170 0.571802268298
279240.0 -0.814596285982 0.580028353500
279270.0 -0.808729059155 0.588181357132
279300.0 -0.802966832571 0.596023712440
279330.0 -0.797224188808 0.603683354731
279360.0 -0.791637529693 0.610991015958
279390.0 -0.786021675827 0.618198936532
279420.0 -0.780430209544 0.625242903224
279450.0 -0.774950544336 0.632021877655
279480.0 -0.769473939028 0.638678210962
279510.0 -0.764078665621 0.645123083406
279540.0 -0.758731588593 0.651403389975
279570.0 -0.753458512741 0.657495452134
279600.0 -0.748222973878 0.663447346336
279630.0 -0.743144689206 0.669130757703
279660.0 -0.737910448381 0.674898636959
279690.0 -0.732841964499 0.680398894083
279720.0 -0.727880099800 0.685704426349
279750.0 -0.722956805686 0.690893231340
279780.0 -0.718114763413 0.695924698920
279810.0 -0.713320152233 0.700838326876
279840.0 -0.708575282636 0.705635223637
279870.0 -0.703918492886 0.710280758132
279900.0 -0.699290394330 0.714837704936
279930.0 -0.694739802421 0.719261153498
279960.0 -0.690271979337 0.723549994501
279990.0 -0.685807627334 0.727782864796
280020.0 -0.681332240273 0.731974301711
280050.0 -0.676965930030 0.736014354193
280080.0 -0.672810056862 0.739815265715
280110.0 -0.668497074028 0.743714771950
280140.0 -0.664407526130 0.747370483242
280170.0 -0.660303947409 0.750998466733
280200.0 -0.656336751658 0.754468069850
280230.0 -0.652259809952 0.757995475133
280260.0 -0.648304488197 0.761381172990
280290.0 -0.644445944795 0.764649870357
280320.0 -0.640612794617 0.767864081315
280350.0 -0.636824473203 0.771008813393
280380.0 -0.633068307298 0.774095936105
280410.0 -0.629364764062 0.777110026803
280440.0 -0.625792159752 0.779989854288
280470.0 -0.622147577862 0.782899988096
280500.0 -0.618625873593 0.785685705942
280530.0 -0.615230301185 0.788347433879
280560.0 -0.611724473829 0.791070899552
280590.0 -0.608342450328 0.793674658238
280620.0 -0.605035391392 0.796198577720
280650.0 -0.601686649896 0.798732230060
280680.0 -0.598479988317 0.801137755685
280710.0 -0.595211739874 0.803568904772
280740.0 -0.592092695285 0.805869865543
280770.0 -0.588947821732 0.808171060653
280800.0 -0.585826266895 0.810436663173
284400.0 -0.387680367815 0.921793866551
286200.0 -0.346325561054 0.938114388420
288000.0 -0.319079173029 0.947728062969
289800.0 -0.300071521439 0.953916706019
291600.0 -0.286433502349 0.958100124586
293400.0 -0.276596846964 0.960986047895
295200.0 -0.269403777164 0.963027312619
297000.0 -0.264491498822 0.964388016854
298800.0 -0.261178428521 0.965290540965
300600.0 -0.259475337628 0.965749734229
302400.0 -0.258888474044 0.965907220186
304200.0 -0.259508181030 0.965740909343
306000.0 -0.261118276294 0.965306814326
307800.0 -0.263518541591 0.964654330959
309600.0 -0.266797784442 0.963752531627
