32400.0 -0.397570990855 -0.917571418055
34200.0 -0.392104479481 -0.919920690696
36000.0 -0.386846199631 -0.922144250012
37800.0 -0.381220314812 -0.924484219214
39600.0 -0.375697849252 -0.926742211226
41400.0 -0.370145327830 -0.928973862003
43200.0 -0.364379124721 -0.931250693137
45000.0 -0.358489192066 -0.933533876821
46800.0 -0.352326950721 -0.935876978986
48600.0 -0.346147626012 -0.938180057881
50400.0 -0.339870181238 -0.940472359990
52200.0 -0.332895079086 -0.942963873285
54000.0 -0.325840092939 -0.945424895924
55800.0 -0.318234257363 -0.948012108277
57600.0 -0.309952274955 -0.950752116616
59400.0 -0.300985177018 -0.953628818364
61200.0 -0.290998426157 -0.956723531630
63000.0 -0.279684097007 -0.960092081980
64800.0 -0.266803284491 -0.963751009019
66600.0 -0.251723968544 -0.967799071947
68400.0 -0.233685446987 -0.972312250188
70200.0 -0.211495419344 -0.977378988723
72000.0 -0.183002445268 -0.983112457975
73800.0 -0.145223796708 -0.989398832054
75600.0 -0.092447024037 -0.995717604417
79200.0 0.116700257086 -0.993167181292
79230.0 0.119529929606 -0.992830597800
79260.0 0.122353357384 -0.992486602397
79290.0 0.125283990362 -0.992120920936
79320.0 0.128163154805 -0.991753097172
79350.0 0.131204495818 -0.991355324935
79380.0 0.134097497650 -0.990968143345
79410.0 0.137122495309 -0.990554098109
79440.0 0.140186991603 -0.990125046338
79470.0 0.143167805875 -0.989698428493
79500.0 0.146492894794 -0.989211722421
79530.0 0.149586352735 -0.988748665271
79560.0 0.152713877265 -0.988270444611
79590.0 0.156027801876 -0.987752663900
79620.0 0.159125669563 -0.987258335638
79650.0 0.162481807034 -0.986711539602
79680.0 0.165788399807 -0.986161349116
79710.0 0.169163015626 -0.985588085431
79740.0 0.172545540050 -0.985001541425
79770.0 0.175907624549 -0.984406677967
79800.0 0.179401686307 -0.983775906876
79830.0 0.182885853296 -0.983134153951
79860.0 0.186451038352 -0.982464253954
79890.0 0.190037906117 -0.981776753768
79920.0 0.193641130355 -0.981072429862
79950.0 0.197188065871 -0.980365680080
79980.0 0.200912258444 -0.979609240670
80010.0 0.204569643762 -0.978852011721
80040.0 0.208332830283 -0.978057990012
80070.0 0.212183856391 -0.977229763713
80100.0 0.216095957194 -0.976372130534
80130.0 0.219867407006 -0.975529765479
80160.0 0.223843428798 -0.974625117357
80190.0 0.227779479216 -0.973712744524
80220.0 0.231849751815 -0.972751608882
80250.0 0.235795862997 -0.971802609069
80280.0 0.239942520374 -0.970787096596
80310.0 0.244104989915 -0.969748809692
80340.0 0.248313449216 -0.968679736001
80370.0 0.252562185837 -0.967580664485
80400.0 0.256767511651 -0.966473199298
80430.0 0.261013685357 -0.965335100396
80460.0 0.265415586325 -0.964134101946
80490.0 0.269814815533 -0.962912231368
80520.0 0.274435856630 -0.961605407949
80550.0 0.278807844294 -0.960346909174
80580.0 0.283430352543 -0.958992823361
80610.0 0.287995048889 -0.957631897869
80640.0 0.292703436918 -0.956203272331
80670.0 0.297335449283 -0.954773078066
80700.0 0.302065502919 -0.953287171814
80730.0 0.306875475163 -0.951749674412
80760.0 0.311826212636 -0.950139154605
80790.0 0.316710487237 -0.948522254496
80820.0 0.321677335167 -0.946849350235
80850.0 0.326772292217 -0.945103099688
80880.0 0.331795203151 -0.943351442023
80910.0 0.336919631607 -0.941533409836
80940.0 0.342166220641 -0.939639440132
80970.0 0.347295579643 -0.937755714651
81000.0 0.352657392064 -0.935752512058
81030.0 0.358012986760 -0.933716606531
81060.0 0.363369701524 -0.931645028975
81090.0 0.368852435862 -0.929487966871
81120.0 0.374309126616 -0.927303983455
81150.0 0.379886003903 -0.925033309691
81180.0 0.385575536283 -0.922676273576
81210.0 0.391294105135 -0.920265680815
81240.0 0.397125873972 -0.917764152831
81270.0 0.402788310723 -0.915293164371
81300.0 0.408691567344 -0.912672560550
81330.0 0.414603462831 -0.910002180552
81360.0 0.420504462940 -0.907290469832
81390.0 0.426611265296 -0.904435087954
81420.0 0.432651772764 -0.901561114692
81450.0 0.438925198496 -0.898523605770
81480.0 0.445067039611 -0.895497253068
81510.0 0.451385461860 -0.892329067565
81540.0 0.457691593449 -0.889111019663
81570.0 0.464120236631 -0.885772208838
81600.0 0.470531615682 -0.882383135970
81630.0 0.477085923331 -0.878856655980
81660.0 0.483661463463 -0.875255156375
81690.0 0.490324334842 -0.871540043062
81720.0 0.496922120681 -0.867795140559
81750.0 0.503574829508 -0.863951613857
81780.0 0.510418681193 -0.859926025824
81810.0 0.517353653782 -0.855771696727
81840.0 0.524150645341 -0.851625563842
81870.0 0.531184667277 -0.847256070648
81900.0 0.538152414715 -0.842847541692
81930.0 0.545258711540 -0.838267819667
81960.0 0.552223733795 -0.833695956470
81990.0 0.559446167562 -0.828866687472
82020.0 0.566604111513 -0.823990158204
82050.0 0.574011753729 -0.818847059334
82080.0 0.581216953410 -0.813748642437
82110.0 0.588569040701 -0.808446958265
82140.0 0.595845123822 -0.803099363975
82170.0 0.603278396144 -0.797530674486
82200.0 0.610733107512 -0.791836518095
82230.0 0.618267215978 -0.785967969860
82260.0 0.625729139069 -0.780040412107
82290.0 0.633310379404 -0.773897902400
82320.0 0.640779721472 -0.767724786985
82350.0 0.648440044086 -0.761265728393
82380.0 0.656042202825 -0.754724206656
82410.0 0.663653693983 -0.748039955125
82440.0 0.671383960052 -0.741109693760
82470.0 0.679043664077 -0.734097883308
82500.0 0.686712509828 -0.726929108542
82530.0 0.694348830905 -0.719638590558
82560.0 0.702121052053 -0.712057601788
82590.0 0.709779865588 -0.704423553273
82620.0 0.717438731282 -0.696621609525
82650.0 0.725121671826 -0.688620767221
82680.0 0.732771363935 -0.680474928412
82710.0 0.740364839483 -0.672205254708
82740.0 0.748032941890 -0.663661598894
82770.0 0.755609880299 -0.655021914744
82800.0 0.763169030100 -0.646198910163
82830.0 0.770691964056 -0.637207891146
82860.0 0.778199153766 -0.628017577045
82890.0 0.785597851572 -0.618737436726
82920.0 0.793078723452 -0.609119149599
82950.0 0.800402407403 -0.599463081618
82980.0 0.807663327896 -0.589643916929
83010.0 0.814873879189 -0.579638301888
83040.0 0.821992860213 -0.569497794341
83070.0 0.829106334280 -0.559090946499
83100.0 0.836057459580 -0.548641890745
83130.0 0.842937765650 -0.538011080966
83160.0 0.849794117595 -0.527114748135
83190.0 0.856459586651 -0.516214080042
83220.0 0.863053573878 -0.505112392064
83250.0 0.869555650259 -0.493834963426
83280.0 0.875924236186 -0.482448683760
83310.0 0.882181454121 -0.470909632526
83340.0 0.888402740343 -0.459064887517
83370.0 0.894393498432 -0.447280974291
83400.0 0.900241940177 -0.435389996608
83430.0 0.905949578569 -0.423385593863
83460.0 0.911555598140 -0.411176837261
83490.0 0.917020059714 -0.398841083743
83520.0 0.922337869250 -0.386384335795
83550.0 0.927443394350 -0.373963568115
83580.0 0.932412336543 -0.361396229453
83610.0 0.937251779013 -0.348653270079
83640.0 0.941938950936 -0.335784175788
83670.0 0.946427889475 -0.322915236592
83700.0 0.950744887311 -0.309974449352
83730.0 0.954878015766 -0.296998274417
83760.0 0.958847291013 -0.283922300141
83790.0 0.962624351644 -0.270840096039
83820.0 0.966246349073 -0.257619861234
83850.0 0.969642002076 -0.244528909968
83880.0 0.972902116490 -0.231217369003
83910.0 0.975942241556 -0.218029220854
83940.0 0.978816705796 -0.204738507505
83970.0 0.981508181567 -0.191420190986
84000.0 0.984009115470 -0.178118108770
84030.0 0.986302508762 -0.164946540460
84060.0 0.988446648736 -0.151569200704
84090.0 0.990383076767 -0.138352308453
84120.0 0.992135785492 -0.125166222066
84150.0 0.993710185197 -0.111982444319
84180.0 0.995104213671 -0.098831189072
84210.0 0.996318677279 -0.085726852887
84240.0 0.997357305550 -0.072652632886
84270.0 0.998219425521 -0.059648793059
84300.0 0.998910334227 -0.046670592183
84330.0 0.999429855931 -0.033763339196
84360.0 0.999779176260 -0.021014250317
84390.0 0.999965349558 -0.008324643150
84420.0 0.999990516084 0.004355197103
84450.0 0.999857433082 0.016885304589
84480.0 0.999571083008 0.029285662263
84510.0 0.999128341206 0.041743955241
84540.0 0.998542319241 0.053974407690
84570.0 0.997811484679 0.066122923729
84600.0 0.996938494722 0.078189754704
84630.0 0.995931443856 0.090114145056
84660.0 0.994796920468 0.101877804395
84690.0 0.993524379182 0.113619135584
84720.0 0.992131145582 0.125202995039
84750.0 0.990620170749 0.136644346044
84780.0 0.988974645168 0.148084945945
84810.0 0.987251314888 0.159169222060
84840.0 0.985398232497 0.170265449791
84870.0 0.983446088728 0.181200967344
84900.0 0.981396321081 0.191992866973
84930.0 0.979236819864 0.202719635513
84960.0 0.976995276950 0.213260940676
84990.0 0.974645279391 0.223755624197
85020.0 0.972249949463 0.233944514295
85050.0 0.969764632020 0.244042124404
85080.0 0.967160650636 0.254165843223
85110.0 0.964520147087 0.264009253368
85140.0 0.961825370622 0.273663947985
85170.0 0.959063798186 0.283190096947
85200.0 0.956208147006 0.292687511860
85230.0 0.953304201597 0.302011753441
85260.0 0.950342545920 0.311205792707
85290.0 0.947343539988 0.320219014495
85320.0 0.944276350937 0.329153722538
85350.0 0.941175214709 0.337918947704
85380.0 0.938058133148 0.346477905264
85410.0 0.934869132508 0.354992542292
85440.0 0.931644610568 0.363370774279
85470.0 0.928385234814 0.371619234943
85500.0 0.925094974488 0.379735813662
85530.0 0.921772855739 0.387730321774
85560.0 0.918488710332 0.395447201271
85590.0 0.915073015745 0.403288204459
85620.0 0.911651015870 0.410965236077
85650.0 0.908289559487 0.418342056368
85680.0 0.904823418239 0.425787014605
85710.0 0.901394786108 0.432998198122
85740.0 0.897948872087 0.440099787682
85770.0 0.894478983112 0.447109996278
85800.0 0.891042467773 0.453919949578
85830.0 0.887527151709 0.460755417742
85860.0 0.883999986722 0.467486923320
85890.0 0.880540590757 0.473970745964
85920.0 0.877045378865 0.480407538878
85950.0 0.873565604575 0.486706415104
85980.0 0.870050802662 0.492962068305
86010.0 0.866547414933 0.499094758211
86040.0 0.863048025117 0.505121872761
86070.0 0.859576805139 0.511006571452
86100.0 0.856087422561 0.516831040992
86130.0 0.852550076953 0.522645545555
86160.0 0.849185993474 0.528093882266
86190.0 0.845605247861 0.533808734277
86220.0 0.842197779686 0.539168711900
86250.0 0.838733643336 0.544541895116
86280.0 0.835368453959 0.549690409349
86310.0 0.831915442608 0.554902420567
86340.0 0.828494743308 0.559996839554
86370.0 0.825076102863 0.565021614174
86400.0 0.821747843171 0.569851280813
90000.0 0.546638259012 0.837368863634
91800.0 0.478036412229 0.878340018776
93600.0 0.431092434184 0.902307770769
95400.0 0.397449588941 0.917624010284
97200.0 0.372445314052 0.928054140684
99000.0 0.353264885650 0.935523340471
100800.0 0.338313214060 0.941033564328
102600.0 0.326536336868 0.945184649000
104400.0 0.317009412726 0.948422391260
106200.0 0.309432937709 0.950921267540
108000.0 0.303301598388 0.952894611390
109800.0 0.298257451082 0.954485459750
111600.0 0.294360338205 0.955694507304
113400.0 0.291261858905 0.956643365914
115200.0 0.288826985666 0.957381309798
